-0.8996498791796927 -0.17784327149861956 0.398750380156098 4.431315108264992 0.3034317699208575 -0.9113585219613864 0.2781273187787437 -0.2881335833548179 0.31394148482585116 0.3712107423432482 0.8738668828112861 9.536429607107506 
0.9972872080283804 -0.06118269361940738 -0.040925575187546616 0.24920641476038774 0.06108077985679483 0.9981258296351946 -0.00373718438670595 0.37086088648400084 0.04107752469469856 0.0012272801343620027 0.999155208537907 -0.6515274081591736 
0.3449596236310327 0.831284164947727 -0.435854901511382 -4.664749857163105 -0.5862650473898203 -0.1718118301378641 -0.7916905893300044 2.728664094733181 -0.7330048787513956 0.5286277822171646 0.42808470609776983 -5.65358157033931 
-0.12009618511508413 -0.985015949562237 0.12377594850700263 -1.0601011596345458 0.09226962470213479 0.11306374411516645 0.9892941454006425 -9.936044360571824 -0.9884650841977833 0.1302312131351966 0.0773085276486653 1.1837608722635955 
0.8150297007227627 0.15556409530835 -0.5581455000182824 0.7953958778293548 -0.5214728631300244 -0.22296340523505878 -0.8236221056679828 -2.7387193041946993 -0.2525720490448988 0.9623342102289004 -0.10059934326018075 -2.2983830751759813 
0.3792019650984905 0.8971233744547986 -0.22666168770279221 -0.32735345908281777 -0.6626417238715268 0.09231084864565867 -0.7432258425316556 -0.7618899504741137 -0.6458419430867077 0.43202819147499305 0.629475834580512 -1.2715033250075265 
0.8948923772636995 -0.21012995977864096 0.39371694543002755 -0.2771268204662876 -0.12541738029736793 0.7282495720409429 0.6737381105010528 -0.020151938015109967 -0.4282967590756086 -0.6523020472339561 0.6253510416875627 -1.1245507306187745 
0.5835196268603152 0.24651353387664304 -0.7737802806252222 1.8458972404154819 -0.7979022089863705 0.35141306181569143 -0.48975598503743806 -0.2768050651319355 0.15118501897829917 0.9031832248226106 0.4017501119297431 1.7312748391480879 
0.9775730734583595 -0.1790083415636797 -0.11093646695202568 0.6538259820655062 0.16259378445653397 0.9763287569382744 -0.14263737108999897 -0.0765568517286727 0.13384374212221906 0.12140087325050379 0.9835383473300551 0.5137298626358708 
-0.3194250670179325 0.3030139244443315 0.897858668250986 0.9456170369603372 -0.3618015787866824 0.8367195680351531 -0.4110960739955211 -0.8159581833998022 -0.875823751760623 -0.4561610746873432 -0.15763828783653666 -1.7215713455951855 
0.7919746971689151 -0.5684753615506141 0.22273715979625758 0.07585040073503085 0.5286363580987025 0.8209861740175008 0.21569724840212048 0.028323900890326086 -0.30548269990352234 -0.05307980201549525 0.9507170213463364 1.169105975681166 
0.9909242139042784 -0.024475507494034668 -0.13217470193307523 0.6363740660769056 0.03166667446237957 0.9981144368480883 0.05258129595129032 -0.17468694736345647 0.13063852428239348 -0.05628961261487731 0.9898308216483187 -0.6078648944446264 
0.8639923711140409 -0.4653465012423265 0.19227536617638463 0.004763775680620408 0.2897840116537311 0.7718599004802398 0.5659129973949216 -0.436401833421003 -0.41175527834699055 -0.43322618551070957 0.8017310415227994 1.0774996451436263 
0.8087572344475082 0.34082876062545786 -0.479319821892787 4.84508252194966 -0.33445593704009036 -0.4038522287211533 -0.8514943355863224 -1.2441565052975798 -0.4837881374191122 0.8489635641695535 -0.2126262091207822 4.40371094068847 
-0.14386087630409428 -0.26163598415142564 0.954384964291733 25.903674673882982 -0.48517002467962655 -0.8219101829364934 -0.29845217093810916 0.3145907456552617 0.8625045480583786 -0.5059745675253003 -0.008697217727324125 111.14612558653967 
0.10848562528235074 -0.15201081324475063 -0.9824070346672844 7.855375815912228 0.7367216092690573 0.6757976149572854 -0.023213230151257924 -5.272617524581161 0.66743699293874 -0.721242189749542 0.18530397778293325 -13.308941840553079 
0.9262812406612453 0.101881350412557 0.3627991918915727 1.9961353714571817 -0.3589463746692786 0.5316377708968997 0.7671497772062232 0.19497864101646653 -0.11471949838996998 -0.8408219020660022 0.5290160353857567 1.3952253217533914 
