0.9987568 -0.008650192 -0.049091224 -0.18794076 0.011033709 0.9987626 0.048491437 0.27106148 0.048611015 -0.04897281 0.9976164 -0.06946923 
0.9997876 -0.0008728989 -0.020590013 -0.067840286 0.0018426884 0.9988871 0.047128174 0.27010894 0.020525958 -0.04715611 0.99867654 -0.08034919 
0.99998397 0.0038250543 0.0041734898 0.012706721 -0.00401922 0.9988606 0.047552604 0.2719111 -0.0039868443 -0.047568616 0.99886 -0.0891203 
0.9993138 0.011132086 0.035327356 0.13280211 -0.012914964 0.998633 0.050647233 0.26586583 -0.03471526 -0.05106873 0.9980915 -0.093628794 
0.9975414 0.018418055 0.06761564 0.24829403 -0.021784436 0.9985418 0.049392123 0.2558182 -0.06660734 -0.050743658 0.9964881 -0.10346807 
0.9927043 0.03377804 0.1157462 0.45154732 -0.0395378 0.9980725 0.047832306 0.2435259 -0.11390743 -0.052059688 0.9921264 -0.12048214 
0.9881954 0.04140104 0.14749825 0.5512875 -0.048757266 0.99772245 0.046610452 0.23183177 -0.14523262 -0.053251848 0.9879633 -0.1309131 
0.98732734 0.043359507 0.15265872 0.55824655 -0.04838114 0.99839807 0.029333225 0.14507785 -0.1511423 -0.0363473 0.98784345 -0.10116935 
0.99225456 0.035329994 0.11909087 0.41401005 -0.03828862 0.99901 0.022646941 0.14481626 -0.11817286 -0.027031356 0.992625 -0.0879864 
0.99616635 0.023100976 0.08437365 0.26970476 -0.024890339 0.9994857 0.020217493 0.12975655 -0.08386322 -0.022240076 0.99622905 -0.07834442 
0.9984888 0.014738313 0.052942116 0.14707494 -0.015661351 0.99973166 0.01706251 0.12989348 -0.052676443 -0.017865868 0.9984517 -0.058677603 
0.99996334 0.0015451045 0.008422076 0.003174131 -0.0016887158 0.9998528 0.017071469 0.13616712 -0.008394461 -0.017085066 0.99981874 -0.04303541 
0.999822 -0.005864349 -0.017930165 -0.117532104 0.0061520184 0.99985254 0.016031018 0.13537693 0.017833509 -0.016138472 0.9997106 -0.042156883 
0.99731636 -0.023220254 -0.06943253 -0.31525627 0.024213472 0.9996156 0.013497468 0.13229026 0.06909242 -0.015142448 0.9974953 -0.014318071 
0.99308634 -0.03459935 -0.11217125 -0.4714972 0.035849366 0.9993153 0.009145447 0.11260984 0.11177802 -0.013103487 0.9936468 -0.006039918 
0.9906668 -0.043844983 -0.12906165 -0.5110778 0.04087364 0.9988367 -0.02558327 -0.040048227 0.13003321 0.020069277 0.9913065 0.04448654 
0.9944627 -0.03449352 -0.099268034 -0.36773208 0.03165537 0.9990477 -0.030025642 -0.03332893 0.100209184 0.026717018 0.99460757 0.03621104 
