0.99929196 -0.007346052 -0.036902484 -0.14985764 0.009018718 0.9989297 0.045366667 0.13440293 0.036529727 -0.045667358 0.9982886 0.029027123
0.99999243 0.00055381184 0.003876697 0.0011093261 -0.0006653599 0.999584 0.028832134 0.122465216 -0.0038591076 -0.028834494 0.9995768 0.014529949
0.99512184 0.0032624751 0.09860037 0.21379174 -0.0056594633 0.999695 0.02404023 0.10753013 -0.098491855 -0.024480982 0.99483675 0.0055273576
0.9937942 0.0033288216 0.111185275 0.31410038 -0.004524911 0.99993455 0.010507022 0.08382165 -0.11114301 -0.010944921 0.99374413 -0.023497837
0.9946457 0.008948049 0.10295673 0.3479748 -0.010302287 0.99986714 0.012629236 0.022574196 -0.10283004 -0.0136223035 0.99460566 -0.01904376
0.99889964 0.003619121 0.046760086 0.15197891 -0.0042995904 0.9998862 0.014459993 0.02967256 -0.046702426 -0.01464513 0.99880147 0.006548836
0.99912286 0.002673029 -0.041790713 -0.077911675 -0.0018839296 0.9998194 0.01891016 0.03839691 0.041833717 -0.018814841 0.99894744 0.030581016
0.99359834 -0.0012722292 -0.112964295 -0.25719586 0.003297717 0.9998371 0.01774529 0.03902717 0.112923324 -0.018004214 0.99344057 0.034052096
0.98622054 -0.011015907 -0.16506901 -0.39950827 0.013764358 0.9997848 0.015515666 0.037888438 0.16486257 -0.017573938 0.98616 0.02396725
0.98856604 -0.005095723 -0.15070277 -0.39439827 0.004231264 0.9999727 -0.0060562915 -0.047493435 0.1507295 0.00534938 0.98856056 0.038574353
0.997936 -0.0002480112 -0.06421692 -0.16282038 -0.0005017055 0.9999319 -0.011658364 -0.029158928 0.06421544 0.01166652 0.9978679 0.03162284
0.99825484 -0.019186016 0.055850796 0.034010574 0.018493759 0.99974597 0.012885342 -0.034919467 -0.056083817 -0.011829964 0.998356 0.012981725
0.99416566 -0.018833654 0.10620814 0.21192747 0.018839879 0.999822 0.0009447549 -0.03798929 -0.10620703 0.0010617059 0.99434346 -0.014692509
0.9896146 -0.0063902526 0.14360452 0.3653175 0.011586706 0.9993068 -0.03537876 -0.03855876 -0.14327888 0.03667524 0.9890026 -0.048723977
0.98805195 -0.009973776 0.1537983 0.3955411 0.018564008 0.99834013 -0.054519366 -0.08737304 -0.15299924 0.056723073 0.98659706 -0.05619782
0.9962318 -0.0049226116 0.086592086 0.22262351 0.008206772 0.9992587 -0.0376118 -0.10982862 -0.08634274 0.03818071 0.99553365 -0.03143873
0.9995301 0.021258365 -0.022087103 0.004449159 -0.021877905 0.9993629 -0.02819753 -0.110959604 0.021473605 0.028667497 0.99935836 -0.015005494
0.99545413 0.012193112 -0.09445889 -0.18385608 -0.015690247 0.99921525 -0.03636902 -0.12557171 0.09394132 0.03768577 0.9948642 -0.019248687
0.9901706 0.049243428 -0.1309102 -0.3291761 -0.054656208 0.99777883 -0.03807892 -0.1286036 0.1287443 0.044859678 0.9906627 -0.039462484
